continent
0
0
1
1
3 0 2 
2
3 7 1 
3
4 2 7 8 1 
4
3 5 8 9 
5
4 6 9 10 
6
5 10 11 
7
3 2 8 13 14 
8
4 3 7 9 14 15 
9
4 5 8 10 15 16 
10
6 17 5 9 11 16 
11
6 17 10 12 
12
11 
13
7 14 19 20 
14
7 8 13 15 20 21 
15
8 9 14 16 21 22 
16
17 9 10 15 22 23 
17
10 11 16 23 
19
20 27 13 
20
19 21 27 28 13 14 
21
20 22 28 29 14 15 
22
21 23 29 15 16 
23
17 22 16 
27
19 20 28 37 
28
20 21 27 29 38 
29
21 22 28 38 
37
43 27 
38
28 29 
43
37 46 
46
47 43 48 49 
47
46 49 
48
46 49 
49
47 46 48 
continent
1
18
44 51 
24
30 25 
25
30 24 26 31 
26
25 31 32 
30
24 25 31 39 
31
40 30 25 26 32 39 
32
40 26 31 33 41 
33
32 34 41 42 
34
35 42 33 
35
36 34 
36
35 
39
40 30 44 31 
40
45 39 41 44 31 32 
41
40 45 42 32 33 
42
34 41 33 
44
40 45 18 39 
45
40 41 44 
50
51 54 55 
51
50 18 55 56 
54
60 50 55 61 
55
50 51 54 56 61 62 
56
51 55 62 63 
60
54 61 71 
61
60 54 55 62 71 72 
62
55 56 61 63 72 73 
63
56 62 64 73 74 
64
63 65 74 75 
65
64 66 75 76 
66
77 76 65 
71
60 72 83 61 
72
71 73 83 84 61 62 
73
72 74 84 85 62 63 
74
73 75 85 86 63 64 
75
74 76 86 87 64 65 
76
77 66 75 87 88 65 
77
66 76 88 
83
95 84 71 72 
84
95 83 85 96 72 73 
85
84 86 96 73 74 
86
85 87 74 75 
87
86 88 75 76 
88
77 87 76 
95
83 84 96 
96
95 84 85 
continent
2
57
67 
67
78 57 
78
67 89 
89
78 97 
97
104 89 
104
113 97 
113
104 
continent
3
52
53 59 
53
52 59 
58
68 
59
52 53 69 70 
68
69 79 58 
69
68 70 79 80 59 
70
81 69 80 59 
79
68 69 80 90 91 
80
81 69 70 79 91 92 
81
70 80 82 92 93 
82
81 93 94 
90
99 91 98 79 
91
99 100 90 92 79 80 
92
81 100 91 93 101 80 
93
81 82 92 94 101 102 
94
82 93 102 103 
98
99 105 106 90 
99
100 98 106 107 90 91 
100
99 101 107 108 91 92 
101
100 102 108 109 92 93 
102
101 103 109 110 93 94 
103
102 110 111 94 
105
98 106 114 
106
99 115 98 105 107 114 
107
99 100 115 106 108 116 
108
100 101 107 109 116 117 
109
101 102 108 110 117 118 
110
102 103 109 111 118 119 
111
103 110 112 119 
112
111 
114
115 120 105 106 
115
114 116 120 121 106 107 
116
115 117 121 122 107 108 
117
116 118 122 123 108 109 
118
117 119 123 124 109 110 
119
118 124 125 110 111 
120
115 128 114 121 129 
121
115 116 120 122 129 130 
122
116 117 121 123 130 131 
123
117 118 122 124 131 132 
124
118 119 123 125 132 133 
125
119 124 126 133 
126
127 125 
127
126 134 
128
120 129 137 
129
128 120 121 130 137 
130
131 121 122 129 
131
130 132 122 123 
132
131 133 123 124 
133
132 124 125 
134
127 138 
135
136 139 140 
136
135 140 
137
141 128 142 129 
138
134 139 144 
139
135 138 140 145 
140
136 135 139 145 146 
141
142 137 148 
142
141 137 148 
144
138 151 
145
139 140 146 
146
147 140 145 
147
146 152 
148
141 142 
151
144 
152
147 153 
153
152 
continent
4
143
150 
149
150 
150
149 143 